A = [1 1 1; 2 -1 -5; -1 -1 -3]
B = [2 -33 -10]
B = B'

X = A\B